1	928
2	779	880	800	816	908
3	784
4	824
5	898
6	857	928	866	917	871	874	771	793	764	873	823	887	800	805	895	918	897	898	811	816	817	908	911	832	921	845
7	832
8	920
9	829
10	874
11	898
12	928
13	840
14	771
15	876
16	874
17	928
18	754
19	754	928	865	766	866	774	775	874	778	879	771	793	796	873	886	799	887	800	801	805	888	806	809	894	897	898	877	816	817	753	818	769	821	908	911	825	828	832	864	921	927	916	844	845	915	848
20	754
21	898
22	928	847
23	855
24	866
25	758	857	928	766	800	877	824	911	832
26	928
27	874
28	800
29	764	903	826
30	908
31	896
32	921
33	800
34	800
35	771
36	928
37	874	898	921
38	780	798
39	786	802
40	771
41	800
42	800
43	839
44	874
45	816
46	800
47	866	816
48	896
49	832
50	866
51	829
52	928	898
53	928	898
54	928	898
55	928	898
56	928	898
57	928	866	778	898	816
58	928	898
59	928	898
60	928	898
61	800
62	928
63	816
64	898	908
65	816
66	874
67	800
68	829
69	824
70	824
71	809
72	800
73	908
74	829
75	754	758	928	766	866	869	874	778	771	797	800	805	872	898	816	908	832	916	850
76	772
77	791	800	805
78	877
79	771
80	881
81	754	853	758	928	766	866	871	874	778	771	792	764	797	823	800	805	898	811	813	877	904	816	908	824	911	832	921	916	845
82	866
83	874
84	800
85	800
86	921
87	868	901
88	908
89	874
90	866
91	866
92	866
93	866
94	829
95	866
96	829
97	922
98	866
99	873	830
100	803
101	908
102	762
103	803	805
104	767
105	816
106	928
107	754	853	758	928	765	766	866	917	871	874	778	771	792	764	797	823	800	805	809	895	898	877	904	816	819	769	908	911	827	832	916	841	845
108	898
109	800
110	928
111	928
112	853
113	928
114	874
115	800
116	851	928	866	870	877
117	928	898
118	928	898
119	877
120	890
121	800
122	754
123	778
124	778
125	874
126	800
127	928
128	809
129	823
130	898
131	898
132	898
133	829
134	816
135	829
136	786	802
137	889	802
138	800
139	928	866	823	892	809	816	862	916
140	866
141	850
142	776
143	928
144	866
145	805
146	866
147	911
148	754
149	800
150	809
151	866
152	800
153	874	800	898	816	908	828	845
154	866
155	800
156	865
157	831
158	873	800	811	845
159	759	794
160	805
161	824
162	853	866	771	792	800	816
163	928
164	898
165	921
166	898
167	866
168	823
169	866
170	849
171	872
172	861	764	877
173	874
174	829
175	857
176	805	895
177	928
178	800
179	867
180	844
181	816
182	816
183	928
184	824
185	800
186	764	805
187	928	911
188	898
189	858	769
190	858
191	771
192	928
193	800
194	911
195	921
196	898
197	856	857	764	890	878	913
198	908
199	797
200	816
201	832
202	754
203	754
204	823
205	792
206	928
207	816
208	809
209	760
210	908
211	752	928	865	770	771	800	899	816	908
212	874
213	754
214	754
215	928
216	928
217	800
218	800
219	905
220	928
221	911
222	846
223	846
224	785
225	859
226	853
227	800
228	891
229	921
230	874
231	785
232	829
233	845
234	874
235	756	780	815	787
236	829
237	866
238	797
239	923
240	800
241	872
242	757
243	923
244	764
245	889
246	809
247	809
248	824
249	874
250	809
251	829
252	916
253	757
254	921
255	798
256	805
257	804
258	837
259	853	757	865	866	773	854	783	790	798	804	805	892	808	898	811	814	822	911	912	785	837	838	916	846	848	849
260	876
261	928
262	764	826
263	839
264	795	890
265	877
266	764
267	908
268	866
269	928
270	893	863
271	800
272	778	816
273	928
274	908
275	829
276	816
277	771
278	928
279	928	778	771	898	911	912	826
280	757	869	835
281	800
282	866
283	816
284	874
285	898
286	778
287	800
288	927
289	776
290	823
291	823
292	859
293	866	764
294	898
295	908
296	829
297	866
298	803
299	887	911
300	928	778	771	898	826	830	785	843
301	928
302	910	785
303	866
304	900
305	800
306	800
307	778
308	821
309	778	895
310	754
311	809
312	805
313	908
314	800
315	928
316	928	845
317	857	768	884
318	812
319	780
320	909
321	866
322	845
323	866
324	872
325	866
326	866
327	773	780	805	833
328	824
329	928
330	928	824
331	866
332	771
333	853
334	797
335	908
336	866
337	754	866	823	800	810	816	908	824	845
338	829
339	928
340	924
341	829
342	917
343	874
344	771
345	872
346	764
347	866
348	908
349	800
350	928
351	928
352	908
353	925
354	866
355	832
356	853
357	853
358	928
359	908
360	800
361	928
362	829
363	908
364	754
365	800
366	823
367	866
368	874
369	829
370	829
371	928
372	770	911
373	831
374	872
375	866
376	805
377	805
378	869	805
379	859
380	872
381	866	917	873	800
382	855
383	866
384	800
385	800	898	877
386	877
387	866
388	824
389	866	877	816	824
390	771
391	800
392	877
393	851	754	853	928
394	853
395	866	800	892	898	816
396	816
397	816
398	836
399	928	866	917	778	764	800	898	877	816	908	832	916
400	821
401	866
402	874
403	908
404	876
405	866	874	898	877	769	911	832	916
406	816
407	857	780	815	881
408	761
409	890	812	920	842
410	928
411	928
412	778
413	866
414	898
415	928	866
416	928	766
417	928
418	832
419	809
420	829
421	829
422	797	911
423	800	845
424	798
425	860
426	908
427	816
428	816
429	800
430	823
431	800
432	824
433	908
434	881
435	800
436	800
437	800
438	866
439	829
440	918
441	928
442	800	785
443	883	769	785
444	803	804
445	874
446	754
447	800	898	816
448	866
449	757	928	865	866	917	783	771	764	800	805	808	895	898	877	908	824	911	832	916
450	926
451	853
452	816
453	800
454	866	805	890
455	754
456	789	763	890
457	757
458	928
459	824
460	829
461	764
462	928
463	816
464	866	832
465	800
466	926
467	859
468	816	832	921
469	898
470	754
471	895
472	921
473	866
474	791
475	777
476	760
477	829
478	928	866	800	908
479	928
480	816
481	853
482	780
483	816
484	928
485	754	866	800
486	928
487	816
488	766	869	770	914
489	770
490	874
491	928
492	897
493	816
494	866
495	877
496	816
497	928
498	774
499	877	908
500	812	908
501	916
502	832
503	928
504	875	800
505	928	800	898
506	752	754	928	766	866	869	874	778	782	788	798	823	800	805	872	898	811	816	820	908	832
507	928
508	866
509	800
510	866
511	874
512	829
513	800
514	866
515	832
516	928
517	853
518	803
519	816
520	800
521	800	877
522	867	898
523	797
524	800
525	797
526	771
527	829
528	874
529	800
530	917	911
531	853	928
532	923
533	874
534	877
535	754
536	874
537	798
538	771
539	829
540	829
541	805
542	877
543	795
544	928
545	866
546	800
547	902
548	829
549	874
550	755
551	876
552	816
553	928	874	778	803	805	898	816	911	832
554	916
555	832
556	800
557	816
558	816
559	928
560	754
561	866	832
562	872
563	928	807
564	928
565	800
566	764
567	928
568	800
569	874
570	877	769
571	877	769
572	754
573	829
574	928
575	832
576	809
577	876
578	928
579	877	816	908	832
580	829
581	800
582	928
583	866
584	928
585	928
586	908
587	821	923
588	832
589	800
590	928
591	800
592	803	877
593	869
594	797
595	857	780	785
596	857	780	785
597	928
598	911
599	874
600	921
601	866
602	754	800	816	908	824	845
603	872
604	816
605	928
606	823
607	829
608	754
609	874
610	907
611	921
612	928	800	805
613	800
614	795	906
615	866
616	919
617	800
618	928	898
619	926
620	824
621	829
622	816	911
623	928
624	816	832
625	774
626	800
627	928	866	769	845
628	928
629	755
630	824
631	829
632	800
633	874
634	928
635	866	800	805
636	823
637	859
638	871
639	800
640	816
641	928	874
642	866	874
643	816
644	928
645	816
646	874
647	908
648	874
649	800
650	797
651	911
652	823
653	917	898
654	898
655	926
656	908
657	908
658	800
659	823
660	816
661	816
662	816
663	816
664	928	866	898	877	816
665	816
666	928	866	778	792	800	898	816
667	834
668	800
669	866
670	898
671	857
672	752	928	770	764	823	800	893	898	877	816	908	911
673	800
674	771
675	866	816
676	800
677	866	898	816
678	823
679	928
680	800
681	829
682	781	780	787
683	928
684	866
685	778
686	800
687	928
688	866	898	824
689	829
690	874
691	800
692	866
693	754	866	800	816	845
694	829
695	853
696	778
697	829
698	823
699	800
700	800
701	866	816	908
702	866
703	853
704	823
705	866
706	805	895
707	823
708	805	895
709	908
710	800
711	874
712	757
713	757
714	866
715	829
716	824
717	800
718	928
719	821	923
720	829
721	926
722	816	845
723	908
724	797
725	821
726	800
727	829
728	800
729	874
730	874
731	882
732	882
733	816
734	866
735	800
736	754	928	866
737	877	911
738	809
739	849
740	852
741	809
742	874
743	857
744	849
745	759	778	764	885	898
746	823
747	928
748	866
749	898
750	872
751	853
752	211	672	506
753	19
754	364	19	20	560	203	572	213	214	310	337	602	75	608	81	470	202	107	446	122	455	18	693	485	148	393	506	736	535
755	550	629
756	235
757	242	253	259	280	449	457	712	713
758	25	75	81	107
759	159	745
760	476	209
761	408
762	102
763	456
764	6	186	197	29	262	399	244	81	266	107	293	449	566	461	672	346	172	745
765	107
766	19	25	75	81	416	107	488	506
767	104
768	317
769	189	19	570	571	405	107	443	627
770	372	211	672	488	489
771	6	14	19	191	35	40	211	390	279	75	81	107	526	277	449	300	674	332	79	162	344	538
772	76
773	259	327
774	19	625	498
775	19
776	289	142
777	475
778	553	19	272	57	279	399	75	81	412	107	286	123	666	300	307	309	685	696	124	506	745
779	2
780	38	595	596	235	407	682	482	319	327
781	682
782	506
783	259	449
784	3
785	442	231	595	596	259	443	300	302	224
786	136	39
787	235	682
788	506
789	456
790	259
791	474	77
792	205	81	107	666	162
793	6	19
794	159
795	543	264	614
796	19
797	724	199	594	238	75	81	422	107	650	334	523	525
798	38	255	259	506	424	537
799	19
800	2	6	360	72	676	556	19	365	193	25	565	33	28	34	442	568	384	138	41	42	211	281	217	717	218	581	395	437	61	399	67	591	505	337	385	240	602	75	81	84	85	612	613	617	271	626	589	632	429	185	635	639	431	546	107	109	391	436	649	115	699	287	447	121	449	728	453	381	658	126	666	465	672	673	680	305	306	46	478	686	77	691	693	314	435	485	149	152	155	509	710	513	153	158	506	162	423	227	726	504	520	521	524	735	178	529	668	700	349
801	19
802	136	137	39
803	553	100	298	103	592	444	518
804	257	259	444
805	176	6	186	553	19	376	377	75	256	259	81	612	635	145	107	449	454	378	77	312	103	706	708	327	506	160	541
806	19
807	563
808	259	449
809	19	311	208	576	738	71	246	247	250	419	107	128	139	150	741
810	337
811	6	259	81	158	506
812	409	318	500
813	81
814	259
815	235	407
816	675	2	6	181	182	553	19	557	200	207	558	211	272	45	47	579	395	57	397	63	399	337	406	602	75	81	622	624	276	427	389	105	640	107	643	645	283	701	447	452	487	463	428	660	661	662	663	666	396	672	468	677	733	134	139	65	693	480	483	604	493	496	153	552	506	722	162	664	665	519
817	6	19
818	19
819	107
820	506
821	19	725	308	400	719	587
822	259
823	6	366	204	337	81	606	430	636	107	291	652	678	129	672	139	290	698	704	707	659	506	168	746
824	4	184	25	248	388	337	69	70	716	602	81	630	389	449	459	432	688	328	161	620	330
825	19
826	29	262	279	300
827	107
828	19	153
829	362	548	9	369	370	697	573	51	607	232	68	420	236	727	74	251	621	94	96	275	631	174	580	296	133	681	135	477	694	439	689	460	421	720	512	338	527	715	341	539	540
830	99	300
831	373	157
832	6	553	555	19	561	25	201	355	575	579	49	588	399	405	7	75	81	418	624	107	449	464	468	502	506	515
833	327
834	667
835	280
836	398
837	258	259
838	259
839	263	43
840	13
841	107
842	409
843	300
844	180	19
845	6	19	337	233	602	81	107	693	316	153	158	722	423	627	322
846	259	222	223
847	22
848	19	259
849	259	739	170	744
850	75	141
851	116	393
852	740
853	356	357	394	695	226	259	81	107	112	451	703	481	393	333	162	517	531	751
854	259
855	23	382
856	197
857	6	25	197	595	596	407	175	671	317	743
858	189	190
859	379	225	637	292	467
860	425
861	172
862	139
863	270
864	19
865	19	211	259	449	156
866	675	354	545	6	19	367	387	583	510	561	24	331	375	514	383	642	47	50	395	57	399	401	337	405	237	601	448	75	259	81	82	615	415	268	90	91	92	140	93	154	95	413	98	389	635	734	107	282	116	438	701	293	449	454	381	297	325	464	666	303	677	473	139	684	478	688	692	693	144	702	485	146	151	705	494	321	323	714	326	506	508	162	748	664	336	627	167	736	169	669	347
867	179	522
868	87
869	75	280	593	378	488	506
870	116
871	6	81	638	107
872	562	603	374	380	241	75	324	506	750	345	171
873	6	19	99	381	158
874	37	6	549	10	599	553	16	19	368	27	569	642	212	44	711	66	402	230	742	234	405	75	249	81	609	89	633	83	107	641	646	284	125	690	114	445	490	153	506	648	511	729	730	528	533	343	536	173
875	504
876	15	260	577	404	551
877	19	25	570	571	265	386	392	579	399	385	405	81	389	107	116	119	449	737	672	534	495	592	664	521	499	78	172	542
878	197
879	19
880	2
881	407	80	434
882	732	731
883	443
884	317
885	745
886	19
887	6	19	299
888	19
889	245	137
890	197	409	264	120	454	456
891	228
892	395	259	139
893	270	672
894	19
895	176	6	107	449	471	309	706	708
896	31	48
897	6	19	492
898	37	6	188	553	19	196	395	52	53	54	55	56	57	58	59	60	279	64	399	505	385	405	21	75	259	81	414	618	469	107	108	117	118	285	447	449	294	653	654	666	670	300	5	672	130	11	131	132	677	688	749	153	506	664	164	522	166	745
899	211
900	304
901	87
902	547
903	29
904	81	107
905	219
906	614
907	610
908	2	6	359	19	198	723	30	210	211	579	64	399	337	403	602	73	75	81	267	88	363	274	426	101	107	433	647	701	449	295	656	657	672	478	586	313	709	153	500	506	335	499	348	352
909	320
910	302
911	6	598	553	19	194	372	25	187	221	279	405	259	81	622	422	107	449	737	299	672	147	530	651
912	279	259
913	197
914	488
915	19
916	554	19	399	405	75	252	259	81	107	449	139	501
917	6	399	107	449	653	381	530	342
918	6	440
919	616
920	8	409
921	37	6	600	19	195	32	229	254	81	611	86	468	472	165
922	97
923	239	719	243	532	587
924	340
925	353
926	619	450	466	721	655
927	19	288
928	597	503	544	26	1	6	62	358	361	553	17	19	192	559	497	22	563	25	564	177	567	187	36	605	574	211	215	216	578	582	220	52	53	54	55	56	57	58	59	60	279	585	183	399	590	505	206	75	81	410	411	261	612	415	618	269	416	417	484	273	628	516	634	106	107	641	278	110	111	113	644	441	116	117	118	623	449	458	666	127	300	301	672	12	584	679	371	139	683	478	687	718	143	315	316	486	491	393	163	506	507	329	664	747	627	339	736	462	531	330	350	351	479
